000000000000000000000000
000000000000000000000000
000000000000000000000000
000000000000000000000000
000000000001100000000000
000000000001100000000000
000000000011110000000000
000000000011110000000000
000000000001100000000000
000000110000000011000000
000011111000000111110000
000011111001100111110000
000000110001100011000000
000000000001100000000000
000000000001100000000000
000000000011110000000000
000000000011110000000000
000000000011110000000000
000000000111111000000000
000000000111111000000000
000000000111111000000000
000000001111111100000000
000000001111111100000000
000000001111111100000000
000000011111111110000000
000000011111111110000000
000000111111111111000000
000000111111111111000000
000001111111111111100000
000011100011110001110000
000011000001100000110000
000000000001100000000000
000000000000000000000000
000000000000000000000000
000000000000000000000000
000000000000000000000000
000000000000000000000000
000000000000000000000000
000000000000000000000000
000000000000000000000000
000000000000000000000000
000000000000000000000000
000000000000000000000000
000000000000000000000000
100000000000000000000001
100000000000000000000001
110000000000000000000011
110000000000000000000011
100000000000000000000001
000011000000000000110000
000111110000000011111000
100111110000000011111001
100011000000000000110001
100000000000000000000001
100000000000000000000001
110000000000000000000011
110000000000000000000011
110000000000000000000011
111000000000000000000111
111000000000000000000111
111000000000000000000111
111100000000000000001111
111100000000000000001111
111100000000000000001111
111110000000000000011111
111110000000000000011111
111111000000000000111111
111111000000000000111111
111111100000000001111111
110001110000000011100011
100000110000000011000001
100000000000000000000001
000000000000000000000000
000000000000000000000000
000000000000000000000000
000000000000000000000000