0000000005225000000000
0000000052222500000000
0000000522222250000000
0000005222222225000000
0000052222222222500000
0000052222222222500000
0000052222222222500000
0000052222222222500000
0000052222222222500000
0000052222222222500000
0000052222222222500000
0000052222222222500000
0000052222222222500000
0000052222222222500000
0000052222222222500000
0000052222222222500000
0000052222222222500000
0000522222222222250000
0005222222222222225000
0052222222222222222500
0522222222222222222250
5555555555555555555555
2500000000000000000052
2250000000000000000522
2225000000000000005222
2222500000000000052222
2222250000000000522222
2222250000000000522222
2222250000000000522222
2222250000000000522222
2222250000000000522222
2222250000000000522222
2222250000000000522222
2222250000000000522222
2222250000000000522222
2222250000000000522222
2222250000000000522222
2222250000000000522222
2222250000000000522222
2222225000000005222222
2222222500000052222222
2222222250000522222222
2222222225005222222222
5555555555555555555555